0 0.839539007092199 0.455 0.140070921985816 0.193333333333333
0 0.87322695035461 0.714166666666667 0.122340425531915 0.208333333333333
0 0.50354609929078 0.678333333333333 0.138297872340426 0.201666666666667
0 0.359929078014184 0.59 0.127659574468085 0.166666666666667
0 0.686170212765957 0.668333333333333 0.147163120567376 0.173333333333333
0 0.606382978723404 0.896666666666667 0.140070921985816 0.205
0 0.563829787234043 0.181666666666667 0.138297872340426 0.173333333333333
0 0.427304964539007 0.243333333333333 0.122340425531915 0.163333333333333
1 0.75886524822695 0.215 0.150709219858156 0.191666666666667
1 0.214539007092199 0.41 0.140070921985816 0.163333333333333
1 0.374113475177305 0.406666666666667 0.136524822695035 0.166666666666667
1 0.578014184397163 0.325 0.129432624113475 0.156666666666667
1 0.645390070921986 0.464166666666667 0.152482269503546 0.201666666666667
1 0.429078014184397 0.871666666666667 0.143617021276596 0.193333333333333