1 0.647163120567376 0.368333333333333 0.156028368794326 0.173333333333333
1 0.884751773049645 0.616666666666667 0.189716312056738 0.24
1 0.530141843971631 0.523333333333333 0.140070921985816 0.2
1 0.377659574468085 0.548333333333333 0.168439716312057 0.195
1 0.418439716312057 0.781666666666667 0.164893617021277 0.213333333333333
0 0.50886524822695 0.248333333333333 0.152482269503546 0.183333333333333
0 0.826241134751773 0.376666666666667 0.191489361702128 0.198333333333333
0 0.719858156028369 0.881666666666667 0.184397163120567 0.231666666666667
0 0.913120567375886 0.871666666666667 0.171985815602837 0.221666666666667
0 0.721631205673759 0.598333333333333 0.143617021276596 0.188333333333333
0 0.24822695035461 0.808333333333333 0.145390070921986 0.151666666666667