0 0.827127659574468 0.314166666666667 0.150709219858156 0.195
0 0.627659574468085 0.345 0.148936170212766 0.22
0 0.471631205673759 0.28 0.136524822695035 0.176666666666667
0 0.453900709219858 0.746666666666667 0.150709219858156 0.191666666666667
0 0.73936170212766 0.581666666666667 0.161347517730496 0.205
0 0.843085106382979 0.7375 0.171985815602837 0.201666666666667
1 0.315602836879433 0.116666666666667 0.140070921985816 0.178333333333333
1 0.847517730496454 0.0916666666666667 0.152482269503546 0.18
1 0.484042553191489 0.0933333333333333 0.152482269503546 0.183333333333333
1 0.280141843971631 0.35 0.152482269503546 0.156666666666667
1 0.554964539007092 0.571666666666667 0.159574468085106 0.191666666666667
1 0.647163120567376 0.745 0.143617021276596 0.178333333333333