1 0.55375 0.84 0.13875 0.22
1 0.1775 0.735 0.15125 0.191666666666667
1 0.47625 0.488333333333333 0.14875 0.201666666666667
1 0.55125 0.248333333333333 0.17125 0.218333333333333
0 0.45125 0.736666666666667 0.15125 0.221666666666667
0 0.6775 0.7525 0.1725 0.238333333333333
0 0.81125 0.56 0.155 0.26
0 0.6625 0.518333333333333 0.16125 0.236666666666667
0 0.37875 0.258333333333333 0.1575 0.211666666666667
0 0.22375 0.298333333333333 0.1475 0.185
0 0.14625 0.465 0.1525 0.165
0 0.29 0.635 0.15875 0.203333333333333
0 0.335 0.468333333333333 0.14375 0.19