0 0.703900709219858 0.528333333333333 0.24113475177305 0.26
0 0.592198581560284 0.845 0.191489361702128 0.27
0 0.391843971631206 0.861666666666667 0.191489361702128 0.22
0 0.219858156028369 0.725 0.209219858156028 0.24
0 0.115248226950355 0.493333333333333 0.168439716312057 0.241666666666667
0 0.437943262411348 0.32 0.196808510638298 0.245
1 0.613475177304964 0.188333333333333 0.23936170212766 0.288333333333333
1 0.228723404255319 0.275 0.173758865248227 0.25
1 0.466312056737589 0.553333333333333 0.186170212765957 0.25
1 0.276595744680851 0.516666666666667 0.198581560283688 0.268333333333333
1 0.808510638297872 0.821666666666667 0.25531914893617 0.311666666666667