1 0.868794326241135 0.65 0.168439716312057 0.22
1 0.549645390070922 0.568333333333333 0.147163120567376 0.176666666666667
1 0.388297872340426 0.56 0.143617021276596 0.178333333333333
1 0.570921985815603 0.74 0.150709219858156 0.181666666666667
1 0.652482269503546 0.42 0.163120567375887 0.153333333333333
0 0.75531914893617 0.231666666666667 0.177304964539007 0.183333333333333
0 0.906914893617021 0.891666666666667 0.161347517730496 0.203333333333333
0 0.719858156028369 0.898333333333333 0.177304964539007 0.198333333333333
0 0.712765957446808 0.638333333333333 0.145390070921986 0.181666666666667
0 0.515957446808511 0.316666666666667 0.138297872340426 0.171666666666667
0 0.332446808510638 0.3275 0.136524822695035 0.155