0 0.801418439716312 0.643333333333333 0.166666666666667 0.218333333333333
0 0.828014184397163 0.37 0.180851063829787 0.228333333333333
0 0.745567375886525 0.148333333333333 0.164893617021277 0.196666666666667
0 0.549645390070922 0.21 0.170212765957447 0.221666666666667
0 0.122340425531915 0.493333333333333 0.147163120567376 0.193333333333333
0 0.132978723404255 0.701666666666667 0.148936170212766 0.196666666666667
0 0.299645390070922 0.75 0.154255319148936 0.213333333333333
0 0.675531914893617 0.816666666666667 0.157801418439716 0.183333333333333
0 0.290780141843972 0.486666666666667 0.148936170212766 0.208333333333333
1 0.652482269503546 0.591666666666667 0.152482269503546 0.201666666666667
1 0.469858156028369 0.795 0.154255319148936 0.225
1 0.462765957446808 0.426666666666667 0.175531914893617 0.231666666666667
1 0.289007092198582 0.216666666666667 0.164893617021277 0.201666666666667