1 0.765957446808511 0.571666666666667 0.163120567375887 0.18
1 0.390070921985816 0.523333333333333 0.122340425531915 0.168333333333333
1 0.51063829787234 0.545 0.132978723404255 0.176666666666667
1 0.50709219858156 0.166666666666667 0.156028368794326 0.223333333333333
1 0.927304964539007 0.501666666666667 0.145390070921986 0.151666666666667
0 0.0726950354609929 0.273333333333333 0.145390070921986 0.191666666666667
0 0.909574468085106 0.811666666666667 0.145390070921986 0.181666666666667
0 0.622340425531915 0.666666666666667 0.141843971631206 0.176666666666667
0 0.609929078014184 0.419166666666667 0.148936170212766 0.215
0 0.684397163120567 0.173333333333333 0.148936170212766 0.205
0 0.848404255319149 0.331666666666667 0.161347517730496 0.21
0 0.207446808510638 0.19 0.154255319148936 0.208333333333333
1 0.354609929078014 0.308333333333333 0.145390070921986 0.176666666666667
0 0.237588652482269 0.458333333333333 0.156028368794326 0.19
0 0.937943262411347 0.135 0.124113475177305 0.233333333333333