1 0.810283687943262 0.846666666666667 0.186170212765957 0.24
1 0.196808510638298 0.608333333333333 0.163120567375887 0.188333333333333
1 0.351063829787234 0.625 0.175531914893617 0.188333333333333
1 0.607269503546099 0.798333333333333 0.171985815602837 0.22
1 0.686170212765957 0.156666666666667 0.200354609929078 0.25
1 0.427304964539007 0.433333333333333 0.147163120567376 0.213333333333333
0 0.884751773049645 0.453333333333333 0.202127659574468 0.243333333333333
0 0.898936170212766 0.165 0.175531914893617 0.241666666666667
0 0.473404255319149 0.2 0.168439716312057 0.233333333333333
0 0.650709219858156 0.391666666666667 0.207446808510638 0.203333333333333
0 0.597517730496454 0.606666666666667 0.152482269503546 0.205
0 0.462765957446808 0.75 0.170212765957447 0.231666666666667
0 0.303191489361702 0.788333333333333 0.163120567375887 0.201666666666667
0 0.278368794326241 0.415 0.157801418439716 0.225