1 0.544326241134752 0.668333333333333 0.117021276595745 0.175
1 0.629432624113475 0.531666666666667 0.132978723404255 0.165
1 0.542553191489362 0.358333333333333 0.140070921985816 0.188333333333333
1 0.117021276595745 0.405 0.132978723404255 0.156666666666667
1 0.368794326241135 0.0966666666666667 0.148936170212766 0.193333333333333
0 0.218085106382979 0.171666666666667 0.131205673758865 0.148333333333333
0 0.625886524822695 0.168333333333333 0.164893617021277 0.206666666666667
0 0.806737588652482 0.12 0.152482269503546 0.193333333333333
0 0.895390070921986 0.445 0.177304964539007 0.205
0 0.718085106382979 0.705 0.134751773049645 0.165
0 0.395390070921986 0.405 0.122340425531915 0.181666666666667
0 0.397163120567376 0.62 0.132978723404255 0.188333333333333