1 0.762411347517731 0.365 0.143617021276596 0.188333333333333
1 0.698581560283688 0.105 0.157801418439716 0.191666666666667
1 0.645390070921986 0.616666666666667 0.138297872340426 0.201666666666667
1 0.404255319148936 0.553333333333333 0.122340425531915 0.143333333333333
1 0.405141843971631 0.699166666666667 0.122340425531915 0.171666666666667
0 0.845744680851064 0.608333333333333 0.145390070921986 0.2
0 0.888297872340425 0.888333333333333 0.154255319148936 0.211666666666667
0 0.673758865248227 0.838333333333333 0.140070921985816 0.186666666666667
0 0.51063829787234 0.796666666666667 0.152482269503546 0.195
0 0.359929078014184 0.863333333333333 0.117021276595745 0.165
0 0.409574468085106 0.366666666666667 0.120567375886525 0.15
0 0.485815602836879 0.136666666666667 0.117021276595745 0.161666666666667
0 0.567375886524823 0.269166666666667 0.127659574468085 0.158333333333333
1 0.528368794326241 0.464166666666667 0.124113475177305 0.138333333333333