1 0.629432624113475 0.89 0.179078014184397 0.22
1 0.884751773049645 0.845 0.163120567375887 0.235
1 0.388297872340426 0.88 0.191489361702128 0.24
1 0.24645390070922 0.695 0.171985815602837 0.203333333333333
1 0.558510638297872 0.245 0.175531914893617 0.273333333333333
1 0.26241134751773 0.281666666666667 0.159574468085106 0.198333333333333
1 0.134751773049645 0.368333333333333 0.170212765957447 0.195
0 0.904255319148936 0.518333333333333 0.189716312056738 0.268333333333333
0 0.718085106382979 0.406666666666667 0.179078014184397 0.203333333333333
0 0.588652482269504 0.616666666666667 0.209219858156028 0.241666666666667
0 0.448581560283688 0.393333333333333 0.150709219858156 0.206666666666667
0 0.317375886524823 0.531666666666667 0.148936170212766 0.173333333333333
0 0.161347517730496 0.558333333333333 0.168439716312057 0.198333333333333