0 0.867021276595745 0.6 0.127659574468085 0.158333333333333
0 0.632978723404255 0.57 0.111702127659574 0.14
0 0.75886524822695 0.185 0.131205673758865 0.185
0 0.601063829787234 0.0966666666666667 0.127659574468085 0.178333333333333
0 0.195921985815603 0.1925 0.122340425531915 0.168333333333333
0 0.0966312056737589 0.288333333333333 0.132978723404255 0.156666666666667
0 0.26241134751773 0.411666666666667 0.111702127659574 0.163333333333333
0 0.562056737588652 0.308333333333333 0.143617021276596 0.178333333333333
1 0.443262411347518 0.11 0.143617021276596 0.198333333333333
1 0.851950354609929 0.3225 0.136524822695035 0.145
1 0.718085106382979 0.411666666666667 0.147163120567376 0.163333333333333
1 0.49822695035461 0.446666666666667 0.124113475177305 0.163333333333333
1 0.393617021276596 0.441666666666667 0.115248226950355 0.141666666666667
1 0.336879432624113 0.27 0.109929078014184 0.16