0 0.872340425531915 0.121666666666667 0.203900709219858 0.238333333333333
0 0.679078014184397 0.206666666666667 0.166666666666667 0.216666666666667
0 0.679078014184397 0.466666666666667 0.186170212765957 0.23
0 0.849290780141844 0.881666666666667 0.184397163120567 0.21
0 0.464539007092199 0.425 0.166666666666667 0.195
0 0.297872340425532 0.265 0.159574468085106 0.216666666666667
0 0.138297872340426 0.468333333333333 0.154255319148936 0.196666666666667
0 0.437943262411348 0.623333333333333 0.159574468085106 0.18
0 0.306737588652482 0.776666666666667 0.132978723404255 0.215
0 0.182624113475177 0.835 0.154255319148936 0.176666666666667
1 0.829787234042553 0.64 0.195035460992908 0.233333333333333
1 0.480496453900709 0.21 0.179078014184397 0.236666666666667
1 0.101063829787234 0.248333333333333 0.170212765957447 0.236666666666667
1 0.281914893617021 0.493333333333333 0.156028368794326 0.203333333333333
1 0.0851063829787234 0.666666666666667 0.148936170212766 0.196666666666667
1 0.223404255319149 0.661666666666667 0.159574468085106 0.165
1 0.453014184397163 0.805833333333333 0.161347517730496 0.211666666666667