0 0.844858156028369 0.894166666666667 0.157801418439716 0.195
0 0.898936170212766 0.655833333333333 0.187943262411347 0.215
0 0.480496453900709 0.341666666666667 0.150709219858156 0.196666666666667
0 0.73936170212766 0.195 0.216312056737589 0.256666666666667
0 0.519503546099291 0.126666666666667 0.168439716312057 0.21
0 0.349290780141844 0.485 0.154255319148936 0.213333333333333
1 0.898936170212766 0.405 0.200354609929078 0.238333333333333
1 0.25177304964539 0.363333333333333 0.179078014184397 0.191666666666667
1 0.673758865248227 0.581666666666667 0.184397163120567 0.231666666666667
1 0.483156028368794 0.5375 0.164893617021277 0.201666666666667
1 0.326241134751773 0.173333333333333 0.171985815602837 0.205