0 0.475177304964539 0.126666666666667 0.186170212765957 0.186666666666667
0 0.24468085106383 0.231666666666667 0.163120567375887 0.191666666666667
0 0.888297872340425 0.876666666666667 0.177304964539007 0.245
0 0.632978723404255 0.835 0.182624113475177 0.215
0 0.446808510638298 0.861666666666667 0.170212765957447 0.231666666666667
1 0.657801418439716 0.2675 0.209219858156028 0.235
1 0.437943262411348 0.365 0.141843971631206 0.188333333333333
1 0.271276595744681 0.503333333333333 0.168439716312057 0.188333333333333
1 0.296985815602837 0.683333333333333 0.171985815602837 0.216666666666667
1 0.596631205673759 0.580833333333333 0.186170212765957 0.255
0 0.191489361702128 0.9 0.152482269503546 0.181666666666667