0 0.50177304964539 0.793333333333333 0.164893617021277 0.226666666666667
0 0.680851063829787 0.888333333333333 0.163120567375887 0.205
0 0.601063829787234 0.563333333333333 0.132978723404255 0.171666666666667
0 0.781914893617021 0.233333333333333 0.156028368794326 0.19
0 0.395390070921986 0.0816666666666667 0.127659574468085 0.153333333333333
0 0.549645390070922 0.168333333333333 0.132978723404255 0.176666666666667
0 0.111702127659574 0.743333333333333 0.125886524822695 0.173333333333333
0 0.210992907801418 0.83 0.156028368794326 0.178333333333333
1 0.361702127659574 0.893333333333333 0.164893617021277 0.203333333333333
1 0.349290780141844 0.583333333333333 0.140070921985816 0.185
1 0.482269503546099 0.394166666666667 0.127659574468085 0.188333333333333
1 0.347517730496454 0.298333333333333 0.161347517730496 0.178333333333333
1 0.622340425531915 0.331666666666667 0.138297872340426 0.178333333333333
1 0.734042553191489 0.656666666666667 0.193262411347518 0.218333333333333