0 0.336879432624113 0.188333333333333 0.115248226950355 0.153333333333333
0 0.781914893617021 0.22 0.154255319148936 0.173333333333333
0 0.50354609929078 0.158333333333333 0.134751773049645 0.158333333333333
0 0.703014184397163 0.431666666666667 0.125886524822695 0.166666666666667
0 0.707446808510638 0.681666666666667 0.152482269503546 0.203333333333333
0 0.886524822695035 0.646666666666667 0.163120567375887 0.19
0 0.838652482269504 0.895 0.171985815602837 0.2
0 0.372340425531915 0.905 0.115248226950355 0.161666666666667
0 0.487588652482269 0.9 0.141843971631206 0.196666666666667
1 0.849290780141844 0.423333333333333 0.173758865248227 0.213333333333333
1 0.452127659574468 0.618333333333333 0.134751773049645 0.161666666666667
1 0.404255319148936 0.433333333333333 0.140070921985816 0.16
1 0.539007092198582 0.391666666666667 0.125886524822695 0.17
1 0.624113475177305 0.24 0.134751773049645 0.158333333333333
1 0.636524822695035 0.866666666666667 0.163120567375887 0.21