1 0.202127659574468 0.823333333333333 0.175531914893617 0.215
1 0.663120567375886 0.571666666666667 0.164893617021277 0.235
1 0.287234042553191 0.326666666666667 0.134751773049645 0.191666666666667
1 0.429078014184397 0.360833333333333 0.138297872340426 0.181666666666667
1 0.265957446808511 0.141666666666667 0.134751773049645 0.183333333333333
1 0.560283687943262 0.105 0.177304964539007 0.2
0 0.718085106382979 0.83 0.177304964539007 0.213333333333333
0 0.521276595744681 0.883333333333333 0.203900709219858 0.231666666666667
0 0.514184397163121 0.586666666666667 0.147163120567376 0.2
0 0.352836879432624 0.59 0.143617021276596 0.168333333333333
0 0.597517730496454 0.346666666666667 0.168439716312057 0.191666666666667
0 0.413120567375887 0.185 0.138297872340426 0.183333333333333
0 0.166666666666667 0.305 0.140070921985816 0.185
0 0.232269503546099 0.475 0.168439716312057 0.205