0 0.680851063829787 0.87 0.156028368794326 0.2
0 0.308510638297872 0.763333333333333 0.164893617021277 0.2
0 0.173758865248227 0.536666666666667 0.136524822695035 0.176666666666667
0 0.303191489361702 0.508333333333333 0.152482269503546 0.203333333333333
0 0.698581560283688 0.471666666666667 0.182624113475177 0.226666666666667
0 0.570035460992908 0.233333333333333 0.186170212765957 0.236666666666667
0 0.776595744680851 0.176666666666667 0.189716312056738 0.226666666666667
0 0.897163120567376 0.565 0.193262411347518 0.255
1 0.583333333333333 0.661666666666667 0.145390070921986 0.206666666666667
1 0.485815602836879 0.826666666666667 0.163120567375887 0.23
1 0.475177304964539 0.458333333333333 0.182624113475177 0.238333333333333
1 0.279255319148936 0.156666666666667 0.182624113475177 0.213333333333333