1 0.4025 0.513333333333333 0.16375 0.186666666666667
1 0.1325 0.356666666666667 0.15875 0.205
1 0.1725 0.795 0.1575 0.198333333333333
1 0.665 0.556666666666667 0.15 0.215
1 0.9 0.298333333333333 0.1725 0.191666666666667
0 0.78375 0.748333333333333 0.16875 0.211666666666667
0 0.86375 0.53 0.16625 0.228333333333333
0 0.7275 0.34 0.1625 0.23
0 0.33875 0.311666666666667 0.13375 0.215
0 0.515 0.366666666666667 0.16 0.231666666666667
0 0.54125 0.658333333333333 0.165 0.208333333333333
0 0.3475 0.755 0.1725 0.238333333333333
0 0.17125 0.6 0.16625 0.205