1 0.526595744680851 0.285 0.104609929078014 0.15
1 0.49645390070922 0.0983333333333333 0.101063829787234 0.135
1 0.629432624113475 0.275 0.0921985815602837 0.143333333333333
1 0.797872340425532 0.305 0.122340425531915 0.15
1 0.74468085106383 0.483333333333333 0.127659574468085 0.161666666666667
1 0.611702127659574 0.451666666666667 0.124113475177305 0.156666666666667
1 0.485815602836879 0.501666666666667 0.129432624113475 0.155
0 0.634751773049645 0.101666666666667 0.113475177304965 0.15
0 0.910460992907801 0.355833333333333 0.140070921985816 0.188333333333333
0 0.75709219858156 0.673333333333333 0.127659574468085 0.173333333333333
0 0.482269503546099 0.671666666666667 0.111702127659574 0.138333333333333
0 0.374113475177305 0.72 0.109929078014184 0.148333333333333
0 0.411347517730496 0.913333333333333 0.106382978723404 0.145
0 0.641843971631206 0.853333333333333 0.129432624113475 0.158333333333333
0 0.526595744680851 0.821666666666667 0.109929078014184 0.146666666666667