0 0.679078014184397 0.528333333333333 0.138297872340426 0.161666666666667
0 0.661347517730496 0.768333333333333 0.136524822695035 0.191666666666667
0 0.833333333333333 0.764166666666667 0.156028368794326 0.181666666666667
0 0.771276595744681 0.343333333333333 0.147163120567376 0.17
0 0.624113475177305 0.168333333333333 0.129432624113475 0.156666666666667
0 0.421985815602837 0.235833333333333 0.138297872340426 0.171666666666667
0 0.459219858156028 0.391666666666667 0.134751773049645 0.176666666666667
0 0.274822695035461 0.67 0.129432624113475 0.118333333333333
0 0.421985815602837 0.925 0.136524822695035 0.148333333333333
1 0.416666666666667 0.651666666666667 0.131205673758865 0.178333333333333
1 0.576241134751773 0.911666666666667 0.154255319148936 0.171666666666667
1 0.170212765957447 0.861666666666667 0.124113475177305 0.16
1 0.820921985815603 0.541666666666667 0.157801418439716 0.213333333333333
1 0.625886524822695 0.323333333333333 0.127659574468085 0.153333333333333
1 0.780141843971631 0.113333333333333 0.171985815602837 0.193333333333333