0 0.65 0.546666666666667 0.145 0.213333333333333
0 0.5625 0.651666666666667 0.16125 0.205
0 0.59375 0.3 0.17125 0.253333333333333
0 0.4025 0.121666666666667 0.2125 0.233333333333333
0 0.1525 0.095 0.21125 0.186666666666667
0 0.25625 0.305 0.18875 0.263333333333333
0 0.251875 0.543333333333333 0.16375 0.216666666666667
1 0.81625 0.316666666666667 0.17875 0.268333333333333
1 0.43125 0.421666666666667 0.14 0.21
1 0.10625 0.401666666666667 0.195 0.228333333333333
1 0.719375 0.720833333333333 0.15375 0.205