1 0.519503546099291 0.833333333333333 0.173758865248227 0.226666666666667
1 0.351063829787234 0.616666666666667 0.154255319148936 0.198333333333333
1 0.762411347517731 0.323333333333333 0.159574468085106 0.225
1 0.340425531914894 0.386666666666667 0.141843971631206 0.183333333333333
0 0.351063829787234 0.89 0.156028368794326 0.215
0 0.171985815602837 0.888333333333333 0.134751773049645 0.196666666666667
0 0.893617021276596 0.806666666666667 0.187943262411347 0.243333333333333
0 0.803191489361702 0.571666666666667 0.179078014184397 0.203333333333333
0 0.617021276595745 0.62 0.177304964539007 0.22
0 0.615248226950355 0.336666666666667 0.138297872340426 0.19
0 0.464539007092199 0.338333333333333 0.145390070921986 0.168333333333333
0 0.342198581560284 0.216666666666667 0.156028368794326 0.176666666666667
1 0.542553191489362 0.118333333333333 0.145390070921986 0.185
1 0.398936170212766 0.0883333333333333 0.141843971631206 0.176666666666667