1 0.77125 0.7 0.1825 0.231666666666667
1 0.60875 0.141666666666667 0.175 0.233333333333333
1 0.62875 0.401666666666667 0.13375 0.196666666666667
1 0.5025 0.448333333333333 0.145 0.206666666666667
1 0.18375 0.5 0.13625 0.168333333333333
1 0.31375 0.505 0.1175 0.17
0 0.245 0.213333333333333 0.1375 0.188333333333333
0 0.43625 0.221666666666667 0.1375 0.183333333333333
0 0.615625 0.818333333333333 0.16375 0.223333333333333
0 0.404375 0.621666666666667 0.14625 0.19
0 0.195625 0.780833333333333 0.14125 0.198333333333333
0 0.385 0.866666666666667 0.1625 0.218333333333333