0 0.707446808510638 0.831666666666667 0.170212765957447 0.216666666666667
0 0.484042553191489 0.843333333333333 0.125886524822695 0.17
0 0.319148936170213 0.528333333333333 0.127659574468085 0.145
0 0.308510638297872 0.29 0.113475177304965 0.148333333333333
0 0.647163120567376 0.385 0.161347517730496 0.213333333333333
0 0.634751773049645 0.616666666666667 0.143617021276596 0.17
0 0.799645390070922 0.491666666666667 0.157801418439716 0.186666666666667
0 0.780141843971631 0.181666666666667 0.134751773049645 0.171666666666667
0 0.389184397163121 0.3775 0.122340425531915 0.145
1 0.382978723404255 0.669166666666667 0.109929078014184 0.155
1 0.49822695035461 0.646666666666667 0.111702127659574 0.161666666666667
1 0.50177304964539 0.453333333333333 0.141843971631206 0.193333333333333
1 0.607269503546099 0.153333333333333 0.161347517730496 0.193333333333333
1 0.897163120567376 0.291666666666667 0.196808510638298 0.22