1 0.425 0.511666666666667 0.12125 0.15
1 0.59375 0.816666666666667 0.135 0.195
1 0.3525 0.908333333333333 0.13125 0.176666666666667
1 0.6975 0.241666666666667 0.1375 0.2
1 0.33375 0.223333333333333 0.115 0.193333333333333
0 0.73375 0.511666666666667 0.16 0.186666666666667
0 0.3275 0.725 0.11375 0.181666666666667
0 0.4275 0.761666666666667 0.1275 0.148333333333333
0 0.53625 0.616666666666667 0.1325 0.158333333333333
0 0.5725 0.415 0.12125 0.176666666666667
0 0.52875 0.195 0.13125 0.173333333333333
0 0.43125 0.335 0.13625 0.173333333333333
0 0.30625 0.383333333333333 0.11875 0.16