1 0.49290780141844 0.726666666666667 0.203900709219858 0.258333333333333
1 0.0833333333333333 0.32 0.168439716312057 0.245
1 0.24645390070922 0.406666666666667 0.225177304964539 0.223333333333333
1 0.398936170212766 0.228333333333333 0.166666666666667 0.245
1 0.74468085106383 0.0883333333333333 0.24290780141844 0.173333333333333
0 0.226063829787234 0.138333333333333 0.182624113475177 0.256666666666667
0 0.645390070921986 0.27 0.202127659574468 0.251666666666667
0 0.521276595744681 0.49 0.210992907801418 0.233333333333333
0 0.882978723404255 0.446666666666667 0.232269503546099 0.305
0 0.157801418439716 0.59 0.209219858156028 0.24
0 0.336879432624113 0.595 0.196808510638298 0.283333333333333