0 0.145390070921986 0.5 0.140070921985816 0.16
0 0.320921985815603 0.438333333333333 0.140070921985816 0.166666666666667
0 0.361702127659574 0.621666666666667 0.132978723404255 0.178333333333333
0 0.232269503546099 0.691666666666667 0.148936170212766 0.18
0 0.200354609929078 0.893333333333333 0.163120567375887 0.196666666666667
0 0.902482269503546 0.891666666666667 0.166666666666667 0.191666666666667
1 0.907801418439716 0.656666666666667 0.134751773049645 0.173333333333333
1 0.530141843971631 0.631666666666667 0.141843971631206 0.185
1 0.737588652482269 0.71 0.140070921985816 0.168333333333333
1 0.576241134751773 0.86 0.138297872340426 0.198333333333333
1 0.734929078014184 0.884166666666667 0.115248226950355 0.175