1 0.723404255319149 0.766666666666667 0.200354609929078 0.28
1 0.200354609929078 0.81 0.182624113475177 0.25
1 0.299645390070922 0.426666666666667 0.164893617021277 0.215
1 0.281914893617021 0.21 0.150709219858156 0.225
1 0.620567375886525 0.191666666666667 0.182624113475177 0.243333333333333
1 0.452127659574468 0.488333333333333 0.173758865248227 0.201666666666667
0 0.443262411347518 0.275 0.156028368794326 0.218333333333333
0 0.654255319148936 0.496666666666667 0.195035460992908 0.216666666666667
0 0.539893617021277 0.771666666666667 0.150709219858156 0.236666666666667
0 0.361702127659574 0.74 0.175531914893617 0.215
0 0.216312056737589 0.591666666666667 0.182624113475177 0.21
0 0.152482269503546 0.385 0.150709219858156 0.216666666666667