1 0.76063829787234 0.74 0.132978723404255 0.183333333333333
1 0.907801418439716 0.685 0.132978723404255 0.176666666666667
1 0.886524822695035 0.458333333333333 0.148936170212766 0.201666666666667
1 0.819148936170213 0.131666666666667 0.150709219858156 0.19
1 0.482269503546099 0.246666666666667 0.108156028368794 0.15
0 0.925531914893617 0.898333333333333 0.143617021276596 0.18
0 0.641843971631206 0.601666666666667 0.125886524822695 0.163333333333333
0 0.725177304964539 0.408333333333333 0.120567375886525 0.178333333333333
0 0.602836879432624 0.355 0.106382978723404 0.153333333333333
0 0.654255319148936 0.105 0.108156028368794 0.141666666666667
0 0.542553191489362 0.0783333333333333 0.118794326241135 0.155